0.055867
0.051300
0.037329
0.015781
0.031606
0.034803
0.053533
0.044768
0.043079
0.031302
0.031540
0.042533
0.023737
0.071453
0.045725
0.030701
0.048760
0.028309
0.050414
0.026415
0.047635
0.031755
0.032548
0.046324
0.033578
0.043094
0.055879
0.053636
0.040596
0.033808
0.027080
0.035435
0.043864
0.057625
0.046903
0.031069
0.046527
0.038202
0.055433
0.048581
0.056741
0.034321
0.073495
0.037864
0.024208
0.033281
0.035684
0.041485
0.036944
0.033604
0.027613
0.034331
0.077845
0.042190
0.044526
0.033549
0.023974
0.028238
0.045854
0.029289
0.043608
0.034105
0.027642
0.011379
0.016307
0.031191
0.081673
0.025974
0.026283
0.048032
0.040410
0.018758
0.035525
0.016261
0.032212
0.039761
0.024750
0.034225
0.022905
0.041599
0.066828
0.039147
0.032167
0.062601
0.041639
0.046486
0.054328
0.039130
0.024812
0.045380
0.038111
0.027910
0.017166
0.028723
0.051852
0.033826
0.048835
0.052915
0.049284
0.030096
0.037255
0.037852
0.038915
0.029926
0.040879
0.022734
0.045054
0.040390
0.041539
0.036350
0.037278
0.058461
0.032188
0.016113
0.028748
0.036594
0.047633
0.057915
0.034417
0.018915
0.026686
0.021217
0.030142
0.039277
0.026649
0.022561
0.024933
0.043584
0.052186
0.032841
0.027075
0.037943
0.046858
0.030621
0.039604
0.020312
0.042445
0.030104
0.026516
0.053391
0.027268
0.023955
0.032395
0.033208
0.020048
0.027970
0.037861
0.035617
0.058050
0.024607
0.016893
0.014990
0.017090
0.057121
0.036912
0.036227
0.029272
0.027582
0.034868
0.017379
0.027076
0.039057
0.042208
0.034379
0.018073
0.027835
0.018787
0.024818
0.029928
0.042625
0.030662
0.031434
0.040742
0.028128
0.032847
0.014517
0.030244
0.033969
0.033348
0.037340
0.021129
0.023447
0.082993
0.032322
0.022521
0.025852
0.013088
0.020168
0.030568
0.047975
0.027661
0.023055
0.031981
0.047244
0.021370
0.029236
0.018777
0.030364
0.024527
0.043457
0.021503
0.035103
0.044425
0.051625
0.033301
0.028472
0.015712
0.026845
0.023792
0.040464
0.028128
0.040805
0.012098
0.023078
0.026320
0.031085
0.018913
0.026695
0.038804
0.057237
0.025334
0.032568
0.018755
0.013605
0.059571
0.028672
0.058512
0.023986
0.023586
0.040010
0.038126
0.032359
0.049477
0.022278
0.032263
0.026483
0.031179
0.041543
0.024471
0.026250
0.024019
0.048724
0.036688
0.046641
0.036355
0.033673
0.035038
0.035766
0.024933
0.046638
0.039539
0.024360
0.021586
0.047618
0.015217
0.031151
0.029442
0.013687
0.028250
0.016264
0.023768
0.066816
0.020458
0.027183
0.044385
0.054919
0.039976
0.038092
0.025359
0.042238
0.015621
0.033964
0.022664
0.046864
0.041086
0.039958
0.022938
0.016825
0.045525
0.067822
0.030034
0.030344
0.024098
0.018789
0.043428
0.033496
0.034022
0.023871
0.039740
0.035808
0.022401
0.040501
0.045433
0.028249
0.034510
0.037965
0.036167
0.044695
0.033460
0.046943
0.038749
0.033608
0.030466
0.037192
0.033197
0.026283
0.022084
0.028027
0.034777
0.029669
0.028818
0.048998
0.038375
0.042018
0.010729
0.036757
0.034750
0.037844
0.028986
0.019869
0.048680
0.022974
0.038494
0.051796
0.041718
0.069509
0.037354
0.036102
0.041258
0.049103
0.050387
0.038554
0.028697
0.021444
0.061526
0.031529
0.026005
0.049937
0.023463
0.041279
0.035857
0.027492
0.029659
0.023721
0.027491
0.025339
0.034794
0.037849
0.027360
0.030100
0.015193
0.033921
0.040443
0.017670
0.023461
0.044748
0.033891
0.029445
0.019966
0.021338
0.029447
0.018441
0.023423
0.027154
0.029561
0.027538
0.035058
0.027886
0.025480
0.036635
0.043754
0.042258
0.032819
0.033997
0.025864
0.029346
0.037986
0.031463
0.026892
0.041969
0.025841
0.028302
0.044216
0.024892
0.030779
0.045890
0.031663
0.053318
0.035212
0.031769
0.036285
0.023359
0.039344
0.032879
0.032956
0.033834
0.036028
0.039993
0.042200
0.016681
0.036549
0.027620
0.023304
0.038114
0.044144
0.036417
0.035871
0.054064
0.021731
0.025905
0.036769
0.028937
0.026670
0.027669
0.058757
0.029685
0.034261
0.057868
0.041694
0.051601
0.023937
0.031905
0.054183
0.030358
0.016251
0.036051
0.029119
0.065262
0.022380
0.054121
0.025193
0.042483
0.031596
0.020460
0.017306
0.027602
0.029771
0.034421
0.027198
0.034230
0.023227
0.041128
0.052012
0.034288
0.023008
0.034493
0.022822
0.019594
0.040447
0.034105
0.076245
0.014050
0.032936
0.039583
0.034696
0.034299
0.038777
0.036666
0.020275
0.025301
0.035437
0.053205
0.012844
0.025180
0.023622
0.037765
0.027235
0.024677
0.028926
0.033823
0.041135
0.042152
0.034439
0.022149
0.030420
0.036421
0.035639
0.027567
0.021478
0.024101
0.011942
0.041294
0.032197
0.021481
0.053604
0.047147
0.033094
0.023214
0.036860
0.019906
0.025815
0.035579
0.007048
0.024053
0.030310
0.026073
0.026976
0.036453
0.034013
0.025739
0.048417
0.026793
0.025287
0.030135
0.035727
0.036199
0.040533
0.038417
0.023795
0.043487
0.026108
0.053932
0.027084
0.048068
0.039459
0.034117
0.037250
0.042594
0.045307
0.022482
0.032946
0.053441
0.032309
0.029327
0.066534
0.031612
0.023772
0.043408
0.042466
0.026774
0.049048
0.035705
0.027313
0.035351
0.037317
0.034106
0.029927
0.032846
0.027244
0.055424
0.027418
0.027974
0.022574
0.042020
0.031958
0.038365
0.036018
0.030673
0.049961
0.042388
0.055207
0.040071
0.036636
0.046950
0.047725
0.032683
0.019801
0.030666
0.028375
0.028657
0.062278
0.028235
0.020679
0.023251
0.019585
0.021304
0.034864
0.021433
0.028783
0.018046
0.017056
0.017694
0.029614
0.014044
0.026957
0.038802
0.032627
0.030399
0.025489
0.058074
0.028539
0.022014
0.046689
0.028964
0.028886
0.049429
0.030430
0.037719
0.029029
0.037971
0.071481
0.039798
0.031357
0.037122
0.027009
0.025168
0.040673
0.039327
0.027020
0.050664
0.035823
0.036653
0.023107
0.026605
0.029273
0.031129
0.018565
0.055288
0.034920
0.018717
0.057201
0.046057
0.060863
0.034699
0.025914
0.040146
0.029233
0.011424
0.026815
0.035716
0.024653
0.034931
0.035823
0.037447
0.029981
0.031969
0.031088
0.028783
0.043964
0.032144
0.026233
0.023086
0.032952
0.035684
0.024552
0.041357
0.042751
0.053049
0.061544
0.035103
0.032535
0.032841
0.033046
0.046925
0.023837
0.027890
0.074414
0.033323
0.025745
0.025115
0.024899
0.023560
0.016158
0.031743
0.038222
0.048740
0.038555
0.038414
0.031369
0.033250
0.024231
0.079477
0.035617
0.023780
0.020638
0.029909
0.045279
0.040290
0.061531
0.042871
0.026688
0.030038
0.016589
0.020662
0.034500
0.034342
0.046158
0.037473
0.054391
0.034744
0.032583
0.033233
0.051126
0.028232
0.029931
0.013882
0.029970
0.036817
0.042221
0.051171
0.046394
0.046823
0.027767
0.037038
0.029085
0.022088
0.028314
0.037659
0.027947
0.040365
0.019022
0.033817
0.037720
0.060608
0.034604
0.040219
0.031569
0.039126
0.032207
0.046653
0.048566
0.036417
0.035814
0.043137
0.035972
0.034119
0.020500
0.043813
0.022849
0.019487
0.052065
0.058984
0.028788
0.060831
0.037985
0.048523
0.036992
0.015779
0.022335
0.033847
0.028566
0.027905
0.040844
0.035172
0.029017
0.019198
0.033368
0.031712
0.053355
0.051935
0.039850
0.023521
0.038777
0.038882
0.048138
0.023379
0.035415
0.049383
0.040099
0.037225
0.045189
0.038018
0.028100
0.016892
0.047350
0.022558
0.041278
0.051996
0.027361
